50 34 15 39 24 68 50 16 49 68 57 9 1 26 30 47 25 4 61 10 2 65 63 10 47 28 66 10 47 28 60 27 21 40 67 69 50 17 15 33 68 55 69 12 50 15 35 68 51 47 18 69 69 34 19 39 29 68 50 20 68 54 64 10 3 58 46 7 36 48 59 37 69 50 22 19 38 68 56 69 12 50 19 35 68 51 47 23 69 12 50 32 31 42 13 52 68 44 45 10 5 62 43 6 11 8 68 51 47 14 53 69 51 41 69 69 0 
50 34 75 39 24 68 119 122 108 89 106 10 47 90 101 122 68 107 85 69 50 76 49 68 57 74 71 87 95 47 84 73 61 10 2 60 92 125 88 126 96 125 86 47 81 91 72 131 130 114 113 104 103 105 127 58 102 118 127 124 102 99 69 50 77 75 33 68 55 69 12 50 75 35 68 51 47 78 69 69 34 79 39 29 68 50 80 68 123 69 50 82 79 38 68 56 69 12 50 79 35 68 51 47 83 69 12 50 32 31 42 13 52 68 93 116 10 109 120 112 70 115 68 94 98 10 110 111 70 115 68 44 97 10 117 100 121 42 40 128 51 129 69 69 51 41 69 69 0 
50 34 142 39 24 68 50 143 49 68 57 135 132 147 95 47 25 134 61 10 2 159 160 63 10 47 139 66 10 47 138 149 150 10 47 137 146 151 148 60 136 47 141 133 161 130 157 127 152 162 51 158 153 127 155 156 154 47 140 69 50 144 142 33 68 55 69 12 50 142 35 68 51 47 145 69 69 0 
50 34 172 39 24 68 50 173 49 68 57 170 165 187 47 25 167 61 10 164 207 160 63 10 47 138 66 10 47 138 183 150 10 47 137 180 177 151 190 206 60 191 186 69 50 174 172 33 68 55 69 12 50 172 35 68 51 47 175 69 69 34 176 200 181 68 12 50 44 192 42 13 203 182 38 68 43 168 171 115 68 51 169 69 184 194 10 47 185 195 189 196 179 51 198 205 204 197 69 12 50 181 35 68 51 47 178 69 12 50 188 208 68 51 163 69 12 50 188 199 68 51 166 201 58 202 193 69 69 0 
50 34 218 39 24 68 50 219 49 68 57 215 209 256 235 95 47 229 228 211 61 10 164 266 160 63 10 47 139 66 10 47 139 13 150 10 47 137 224 247 151 190 206 60 232 233 69 50 220 218 33 68 55 69 12 50 218 35 68 51 47 221 69 69 34 222 39 29 68 50 223 68 261 64 10 210 237 124 268 267 240 256 158 258 254 265 259 264 238 253 236 257 69 50 225 222 38 68 56 69 12 50 222 35 68 51 47 226 69 12 50 32 31 42 13 52 68 94 98 10 249 94 262 10 250 43 214 171 255 269 98 171 115 68 51 41 69 230 240 10 47 231 44 245 10 234 216 248 213 251 10 169 251 217 246 252 68 227 239 10 263 43 212 70 115 68 242 69 69 243 256 235 241 197 244 42 260 128 51 129 69 69 0 
50 34 275 39 24 68 50 275 272 49 68 57 274 270 280 187 47 277 271 61 10 164 60 279 60 278 69 50 275 273 275 33 68 55 69 12 50 275 35 68 51 47 276 69 69 0 
50 34 293 39 24 68 50 294 49 68 57 290 281 308 95 47 229 228 284 61 10 164 336 63 10 47 138 66 10 47 138 60 302 299 283 328 331 236 329 256 330 312 240 321 342 326 131 319 124 314 340 309 7 317 48 113 248 318 239 332 59 339 69 50 295 293 33 68 55 69 12 50 293 35 68 51 47 296 69 69 34 297 39 29 68 50 298 68 54 69 50 300 297 38 68 56 69 12 50 297 35 68 51 47 301 69 12 50 32 31 42 13 52 68 94 98 10 249 43 286 171 115 68 51 41 69 93 310 10 325 303 194 10 47 304 196 292 43 288 282 341 338 127 331 330 313 253 342 327 260 323 68 230 240 10 47 231 43 289 121 333 322 11 8 68 306 158 10 47 307 305 320 43 287 334 121 323 68 248 272 337 291 335 68 315 324 69 43 285 70 115 68 316 241 197 311 197 69 69 69 51 129 69 51 41 69 69 0 
50 34 362 39 24 68 50 363 49 68 57 349 343 372 30 47 25 271 61 10 164 403 160 63 10 47 139 66 10 47 371 402 13 150 10 47 366 47 351 378 128 151 148 379 354 379 359 206 69 50 364 362 33 68 55 69 12 50 362 35 68 51 47 365 69 69 34 352 39 367 68 50 353 68 398 370 377 373 69 50 355 352 38 68 56 69 12 50 352 35 68 51 47 356 69 12 50 32 31 42 13 52 68 93 158 10 387 43 347 70 115 68 400 401 51 129 69 51 41 69 12 50 32 391 260 368 322 68 93 153 10 388 120 43 346 70 255 344 383 217 348 68 51 129 69 51 41 69 12 50 188 389 394 68 374 395 10 47 375 396 341 384 58 153 390 382 118 380 404 350 380 390 386 248 381 393 381 113 390 309 385 317 48 392 51 397 69 69 34 357 39 367 68 50 358 68 398 369 376 373 69 50 360 357 38 68 56 69 12 50 357 35 68 51 47 361 69 12 50 32 31 42 13 52 68 93 158 10 387 43 347 70 115 68 43 345 68 399 121 197 51 129 69 69 51 41 69 12 50 32 391 260 368 322 68 93 153 10 388 120 43 346 70 255 344 383 217 348 68 51 129 69 51 41 69 69 0 
50 34 408 39 24 68 50 409 49 68 57 407 405 416 95 47 25 406 61 10 164 266 422 63 10 47 138 66 10 47 28 13 418 10 47 413 412 417 128 13 419 10 47 414 412 417 128 420 421 60 232 415 69 50 410 408 33 68 55 69 12 50 408 35 68 51 47 411 69 69 0 
50 34 430 39 24 68 119 122 108 437 194 10 47 438 448 450 122 68 196 440 196 429 69 50 431 49 68 57 428 405 443 95 47 25 426 61 10 164 266 422 63 10 47 138 66 10 47 371 13 150 10 47 442 47 435 47 434 436 47 441 424 393 381 341 445 444 449 451 131 447 427 379 435 47 439 47 441 425 390 446 452 206 69 50 432 430 33 68 55 69 12 50 430 35 68 51 47 433 69 69 423 
