7 17 18 5 6 5 12 36 10 19 13 11 2 16 25 15 14 8 34 20 9 21 4 23 22 24 26 35 28 29 1 32 33 30 0 27 31 7 17 3 
46 48 18 19 6 19 12 80 10 19 13 50 25 15 14 8 34 20 9 21 43 23 47 24 52 79 42 81 44 65 45 38 68 70 54 53 79 42 81 55 35 58 76 73 40 39 44 41 45 37 74 69 60 40 51 57 56 72 40 49 46 48 78 67 1 66 63 62 64 77 33 61 71 77 75 61 59 3 
85 86 18 82 6 83 12 98 10 19 13 11 2 85 89 25 15 14 8 34 20 9 21 84 23 47 24 88 85 86 91 75 90 1 93 79 87 81 78 97 77 58 85 86 1 96 74 60 77 94 95 92 3 
105 18 82 6 82 12 134 10 19 13 11 2 110 89 25 104 107 21 101 23 87 24 88 105 91 75 90 1 66 63 62 77 74 129 64 77 75 125 126 124 121 33 129 115 40 99 79 102 81 44 65 45 100 135 108 76 114 117 133 119 77 75 90 40 51 118 120 40 106 66 112 75 113 126 75 123 116 131 128 93 66 132 122 75 90 40 109 127 55 111 130 40 39 44 41 103 
140 126 146 18 83 6 83 12 159 10 19 13 141 11 2 144 89 25 104 107 21 138 23 47 24 88 140 126 146 91 75 90 1 152 112 75 158 157 149 126 74 154 151 1 156 32 155 148 150 147 153 40 136 79 145 81 44 65 45 137 81 1 142 76 114 139 143 111 114 40 39 44 41 103 
164 167 18 19 6 19 12 187 10 19 13 165 25 104 107 21 163 23 87 24 166 44 65 45 162 111 60 35 173 171 170 1 33 60 178 0 185 116 126 184 40 39 44 41 45 160 44 65 45 161 35 58 76 73 1 176 149 117 75 158 126 133 151 185 35 176 111 181 114 33 175 179 40 169 68 58 66 186 182 94 180 174 40 168 75 177 149 31 75 172 150 111 183 153 40 39 44 41 103 
189 192 18 82 6 82 12 202 10 19 13 141 11 2 191 25 104 107 21 188 23 47 24 190 189 192 91 75 90 1 35 68 198 147 125 126 197 193 149 117 133 92 40 189 192 91 75 90 201 111 0 194 31 66 196 195 114 199 76 200 3 
204 207 18 163 6 83 12 187 10 19 13 11 2 205 89 25 104 107 21 82 23 22 24 206 75 113 126 133 215 1 35 68 32 111 210 194 31 74 60 40 49 35 209 1 33 60 213 203 208 212 211 196 55 214 55 66 212 111 210 194 31 66 3 
220 221 18 5 6 82 12 228 10 19 13 11 2 144 222 25 104 107 21 218 23 47 24 88 35 223 220 221 128 66 224 1 35 68 32 111 217 227 222 60 226 225 75 90 40 136 79 219 81 44 65 45 216 81 1 142 76 114 139 143 111 114 40 39 44 41 103 
220 230 18 163 6 82 12 236 10 19 13 11 2 144 222 25 104 107 21 229 23 47 24 190 214 55 35 173 231 233 234 1 220 230 178 0 208 212 232 235 40 
